1
4054.328000000
odom
11.1466
-1.44599
0
0
0
0.309199
0.950997
2
4090.356000000
odom
14.6276
2.10189
0
0
0
0.540942
0.84106
3
4114.393000000
odom
15.8452
5.75119
0
0
0
0.586416
0.81001
4
4128.181000000
odom
15.9209
7.72414
0
0
0
0.64991
0.760012
5
4143.839000000
odom
17.6329
12.4529
0
0
0
0.802936
0.596065
6
4160.578000000
odom
16.9319
17.0842
0
0
0
0.59963
0.800277
7
4185.545000000
odom
17.4258
19.5052
0
0
0
0.646018
0.763323
8
4197.569000000
odom
16.6737
24.3183
0
0
0
0.573316
0.819334
9
4236.087000000
odom
17.2916
27.4152
0
0
0
0.830391
0.557181
10
4256.006000000
odom
15.9457
30.5715
0
0
0
0.710822
0.703372
11
4270.593000000
odom
17.8564
39.5415
0
0
0
0.749677
0.661803
12
4296.213000000
odom
16.831
40.4839
0
0
0
0.869245
0.494382
13
4306.468000000
odom
14.7623
43.3005
0
0
0
0.987732
-0.156157
14
4324.653000000
odom
7.70841
42.1917
0
0
0
0.906174
-0.422904
15
4358.095000000
odom
6.97838
35.1509
0
0
0
-0.678863
0.734265
16
4430.771000000
odom
6.9713
27.4892
0
0
0
-0.727466
0.686143
17
4455.519000000
odom
5.64961
24.2244
0
0
0
0.999954
0.00962826
18
4474.220000000
odom
1.31495
25.2202
0
0
0
0.979508
-0.201404
19
4496.824000000
odom
-3.16752
24.0958
0
0
0
0.811761
0.58399
20
4514.979000000
odom
-5.1514
28.2043
0
0
0
0.876449
0.481494
21
4528.333000000
odom
-5.90145
33.0871
0
0
0
0.783527
0.621357
22
4550.620000000
odom
-6.52482
37.3678
0
0
0
0.717468
0.696591
23
4590.216000000
odom
-5.79588
43.5519
0
0
0
0.708787
0.705423
24
4612.598000000
odom
-8.9417
45.7211
0
0
0
0.999366
0.0355953
25
4627.182000000
odom
-16.4996
46.7216
0
0
0
-0.728325
0.685232
26
4682.497000000
odom
-16.5382
38.067
0
0
0
-0.760255
0.649625
27
4711.009000000
odom
-17.5099
30.744
0
0
0
-0.666647
0.745374
28
4756.245000000
odom
-17.0125
23.3178
0
0
0
-0.73362
0.67956
29
4777.683000000
odom
-16.3807
21.0737
0
0
0
-0.822953
0.56811
30
4791.851000000
odom
-16.8547
19.0594
0
0
0
-0.79506
0.60653
31
4807.618000000
odom
-17.9029
13.0032
0
0
0
-0.726665
0.686992
32
4837.416000000
odom
-18.3004
5.77053
0
0
0
-0.615073
0.78847
33
4864.368000000
odom
-15.6556
1.20663
0
0
0
-0.169378
0.985551
34
4885.895000000
odom
-1.14656
-0.844185
0
0
0
-0.124523
0.992217
35
4930.603000000
odom
0.322032
-1.04865
0
0
0
-0.0277353
0.999615
